2109723 2109849
2128984 2130322
2132618 2132618
2129301 2130279
2129301 2130165
2132930 2134067
2132930 2134023
2132930 2133974
2132930 2133972
2132930 2133941
2132930 2133922
2132930 2133884
2132930 2133854
2143489 2145119
2143686 2146144
2141682 2143624
2075342 2105616
2075342 2103201
2137370 2138321
2139868 2140836
2139868 2140833
2139868 2140827
2139868 2140824
2139868 2140814
2139868 2140813
2136136 2141345
2136136 2141137
2136136 2141103
2136136 2141101
2136136 2141099
2136136 2141039
2136223 2141578
2140441 2141872
2140441 2141859
